17																		
#n palm	palmol stear olein linol arah	linole eikos	NA	Ca	SA	Si	IS	CS	EL	WL Um								

41.3	22.6	33.2	72.2	21.9	47.2	56.3	48.2	1	0	0	0	0	0	0	0	0	NA	1
62.7	46.8	35	47.3	37.6	55.6	56.3	53.6	0	1	0	0	0	0	0	0	0	Ca	1
75	63.4	19.7	35.9	55.4	34.7	42.7	30.4	0	0	1	0	0	0	0	0	0	SA	1
54.4	44.5	33.6	53.3	36.8	47.2	65	58.9	0	0	0	1	0	0	0	0	0	Si	1
46.1	39.6	31.4	46.1	65	56.9	93.2	0	0	0	0	0	1	0	0	0	0	IS	1
46.7	31.3	44.4	38.9	84.7	25	57.3	0	0	0	0	0	0	1	0	0	0	CS	1
60.4	17	48.4	59.2	21.7	94.4	95.1	0	0	0	0	0	0	0	1	0	0	EL	1
51.6	50.9	61.9	49.3	56	0	7.8	0	0	0	0	0	0	0	0	1	0	WL	1
42.2	20.8	12.6	78.4	15.4	25	46.6	0	0	0	0	0	0	0	0	0	1	Um	1
42.5	21.9	32.3	66.8	32.6	40.3	57.3	48.2	1	0	0	0	0	0	0	0	0	NA	2
26.8	14.7	42.2	85.9	9.9	40.3	59.2	48.2	1	0	0	0	0	0	0	0	0	NA	3
31.6	15.8	39.5	78.3	16.7	66.7	73.8	58.9	1	0	0	0	0	0	0	0	0	NA	4
39.2	19.6	48	69.7	21.9	66.7	75.7	78.6	1	0	0	0	0	0	0	0	0	NA	5
26.8	12.8	52	77	22.5	68.1	66	75	1	0	0	0	0	0	0	0	0	NA	6
27.7	19.2	50.2	80.1	16.6	65.3	52.4	48.2	1	0	0	0	0	0	0	0	0	NA	7
43.6	17.4	37.2	67.7	28	51.4	60.2	58.9	1	0	0	0	0	0	0	0	0	NA	8
42	17	39	68.5	25.5	61.1	78.6	55.4	1	0	0	0	0	0	0	0	0	NA	9
38	15.1	27.4	77.9	18.1	33.3	48.5	50	1	0	0	0	0	0	0	0	0	NA	10
39.2	7.5	30	79.5	15.4	26.4	61.2	39.3	1	0	0	0	0	0	0	0	0	NA	11
37.9	16.6	37.2	74.3	20.8	38.9	58.3	75	1	0	0	0	0	0	0	0	0	NA	12
41.2	20.8	27.8	67.7	29.3	66.7	74.8	55.4	1	0	0	0	0	0	0	0	0	NA	13
23.6	14	40.8	81.4	20.3	54.2	74.8	53.6	1	0	0	0	0	0	0	0	0	NA	14
30.4	12.8	45.7	70.9	32.5	66.7	70.9	69.6	1	0	0	0	0	0	0	0	0	NA	15
48.4	31.3	22	61.9	36	41.7	56.3	48.2	1	0	0	0	0	0	0	0	0	NA	16
29.6	29.8	13.9	73	33.3	55.6	70.9	51.8	1	0	0	0	0	0	0	0	0	NA	17
59.4	20.4	23.8	49.5	49.8	59.7	66	46.4	1	0	0	0	0	0	0	0	0	NA	18
31.2	20.8	19.3	78.6	28.8	61.1	70.9	50	1	0	0	0	0	0	0	0	0	NA	19
30.4	23.4	47.5	72	28.2	56.9	73.8	55.4	1	0	0	0	0	0	0	0	0	NA	20
41.2	19.6	37.7	66	26.2	75	78.6	76.8	1	0	0	0	0	0	0	0	0	NA	21
34.2	11.7	61	71.4	22.6	75	81.6	67.9	1	0	0	0	0	0	0	0	0	NA	22
39.6	14.3	42.6	66.5	24.7	72.2	84.5	87.5	1	0	0	0	0	0	0	0	0	NA	23
40.4	9.1	36.8	74.7	25	55.6	69.9	42.9	1	0	0	0	0	0	0	0	0	NA	24
40.4	11.3	41.7	70.1	24.3	62.5	77.7	64.3	1	0	0	0	0	0	0	0	0	NA	25
63.2	45.7	29.1	41.4	49.1	56.9	59.2	50	0	1	0	0	0	0	0	0	0	Ca	2
66.6	37.7	42.2	44.3	41.7	59.7	59.2	28.6	0	1	0	0	0	0	0	0	0	Ca	3
68.3	36.2	53.8	39.2	48.1	61.1	60.2	37.5	0	1	0	0	0	0	0	0	0	Ca	4
60.9	35.5	41.7	45.2	44.5	56.9	58.3	64.3	0	1	0	0	0	0	0	0	0	Ca	5
59.1	40	28.3	46.7	43.4	52.8	64.1	69.6	0	1	0	0	0	0	0	0	0	Ca	6
64.5	39.6	74.4	37.1	45.7	66.7	66	64.3	0	1	0	0	0	0	0	0	0	Ca	7
62.1	40.4	39.9	45.4	41.3	61.1	68	58.9	0	1	0	0	0	0	0	0	0	Ca	8
64.9	37.4	16.6	49.1	36.4	63.9	68	33.9	0	1	0	0	0	0	0	0	0	Ca	9
61.2	38.1	45.3	47.8	36.7	52.8	65	44.6	0	1	0	0	0	0	0	0	0	Ca	10
54.3	34.7	30.9	54.1	34.2	72.2	66	46.4	0	1	0	0	0	0	0	0	0	Ca	11
56.4	21.5	58.7	51.9	37.3	58.3	63.1	46.4	0	1	0	0	0	0	0	0	0	Ca	12
60	43	41.3	48.5	36.3	76.4	61.2	60.7	0	1	0	0	0	0	0	0	0	Ca	13
56.7	34.7	72.2	47.3	38.4	61.1	62.1	55.4	0	1	0	0	0	0	0	0	0	Ca	14
66.3	34.3	37.7	43.1	40.9	63.9	70.9	60.7	0	1	0	0	0	0	0	0	0	Ca	15
57.8	32.8	34.1	50	41.3	65.3	60.2	46.4	0	1	0	0	0	0	0	0	0	Ca	16
57.9	40	71.7	44.5	42	62.5	61.2	41.1	0	1	0	0	0	0	0	0	0	Ca	17
61.7	41.1	57	40.8	47	63.9	57.3	62.5	0	1	0	0	0	0	0	0	0	Ca	18
65.2	38.5	60.5	39.3	43.9	68.1	61.2	69.6	0	1	0	0	0	0	0	0	0	Ca	19
63.4	30.6	66.4	49.8	30.2	62.5	50.5	42.9	0	1	0	0	0	0	0	0	0	Ca	20
60.6	38.5	28.3	49.8	38.3	63.9	57.3	53.6	0	1	0	0	0	0	0	0	0	Ca	21
57.2	38.9	41.3	51.8	33.1	61.1	67	39.3	0	1	0	0	0	0	0	0	0	Ca	22
62.4	43.8	48	41.1	48	54.2	65	32.1	0	1	0	0	0	0	0	0	0	Ca	23
53.6	35.5	66.8	45.5	46.7	62.5	61.2	51.8	0	1	0	0	0	0	0	0	0	Ca	24
66.6	31.3	89.2	45.6	32.5	54.2	52.4	25	0	1	0	0	0	0	0	0	0	Ca	25
58.3	30.9	49.8	53.8	28.9	59.7	65	48.2	0	1	0	0	0	0	0	0	0	Ca	26
61.2	31.7	71.3	47.9	33.2	59.7	63.1	37.5	0	1	0	0	0	0	0	0	0	Ca	27
58.8	38.1	57	45.4	41.5	56.9	68	44.6	0	1	0	0	0	0	0	0	0	Ca	28
59.4	27.2	80.7	51.1	31.6	58.3	49.5	39.3	0	1	0	0	0	0	0	0	0	Ca	29
51	36.6	71.3	51.7	36.3	63.9	53.4	46.4	0	1	0	0	0	0	0	0	0	Ca	30
68.6	35.8	52	44.6	37.2	51.4	56.3	50	0	1	0	0	0	0	0	0	0	Ca	31
50.9	49.4	62.8	60.7	16.6	50	47.6	37.5	0	1	0	0	0	0	0	0	0	Ca	32
57.9	52.1	30	50	36.2	69.4	66	42.9	0	1	0	0	0	0	0	0	0	Ca	33
52.3	45.7	39	63.5	18.1	34.7	51.5	30.4	0	1	0	0	0	0	0	0	0	Ca	34
54.7	44.9	35.9	64.4	16.4	47.2	45.6	42.9	0	1	0	0	0	0	0	0	0	Ca	35
64.8	57	25.1	42.2	46.5	52.8	65	41.1	0	1	0	0	0	0	0	0	0	Ca	36
46.4	53.6	39.5	63.6	18.6	59.7	56.3	51.8	0	1	0	0	0	0	0	0	0	Ca	37
68.5	63.4	41.7	51.4	15.8	62.5	66	41.1	0	1	0	0	0	0	0	0	0	Ca	38
71	42.6	47.1	45.4	30.4	56.9	53.4	25	0	1	0	0	0	0	0	0	0	Ca	39
61.9	42.3	43.9	45.2	41.2	62.5	64.1	39.3	0	1	0	0	0	0	0	0	0	Ca	40
67.7	39.6	43.9	50	24.9	58.3	64.1	46.4	0	1	0	0	0	0	0	0	0	Ca	41
64.5	37	40.4	47.1	39.8	50	56.3	28.6	0	1	0	0	0	0	0	0	0	Ca	42
70.3	51.3	38.6	40.9	40	59.7	68	60.7	0	1	0	0	0	0	0	0	0	Ca	43
69.3	39.2	36.8	44.4	36.7	52.8	58.3	69.6	0	1	0	0	0	0	0	0	0	Ca	44
73.1	51.7	57.8	34.5	49	51.4	51.5	41.1	0	1	0	0	0	0	0	0	0	Ca	45
71.3	41.1	65.5	41.8	33.5	59.7	64.1	46.4	0	1	0	0	0	0	0	0	0	Ca	46
67.2	49.8	62.3	42.5	32.8	68.1	66	57.1	0	1	0	0	0	0	0	0	0	Ca	47
68.7	38.9	54.3	46.5	28.4	59.7	64.1	48.2	0	1	0	0	0	0	0	0	0	Ca	48
59.8	32.8	49.8	52.1	30.8	72.2	61.2	46.4	0	1	0	0	0	0	0	0	0	Ca	49
61	45.7	48.4	51.2	32.5	63.9	47.6	28.6	0	1	0	0	0	0	0	0	0	Ca	50
60.2	35.1	60.5	49.4	37	58.3	40.8	37.5	0	1	0	0	0	0	0	0	0	Ca	51
65.9	54.3	64.6	44	35.4	47.2	56.3	35.7	0	1	0	0	0	0	0	0	0	Ca	52
56.1	30.9	52	56.8	25.5	69.4	65	60.7	0	1	0	0	0	0	0	0	0	Ca	53
58.4	32.5	66.4	44.1	44	100	61.2	57.1	0	1	0	0	0	0	0	0	0	Ca	54
55.6	46.4	44.8	48.4	40.4	72.2	62.1	60.7	0	1	0	0	0	0	0	0	0	Ca	55
57.3	33.2	31.8	51.9	39.1	62.5	52.4	50	0	1	0	0	0	0	0	0	0	Ca	56
91.5	59.2	80.3	10	66.1	61.1	86.4	53.6	0	0	0	1	0	0	0	0	0	Si	2
65.3	44.5	53.8	23.7	73	63.9	78.6	62.5	0	0	0	1	0	0	0	0	0	Si	3
64.8	58.5	55.2	25.5	59.9	61.1	83.5	73.2	0	0	0	1	0	0	0	0	0	Si	4
51.9	45.3	49.8	46.3	43.2	58.3	90.3	69.6	0	0	0	1	0	0	0	0	0	Si	5
44.6	20	100	69.7	0	69.4	65	76.8	0	0	0	1	0	0	0	0	0	Si	6
54.4	20.8	79.4	61.8	11.5	63.9	63.1	73.2	0	0	0	1	0	0	0	0	0	Si	7
46.8	21.5	84.8	62.4	20.8	65.3	61.2	53.6	0	0	0	1	0	0	0	0	0	Si	8
28.1	9.8	56.1	71.8	32.9	59.7	61.2	41.1	0	0	0	1	0	0	0	0	0	Si	9
44	20.4	99.1	67	8.2	68.1	64.1	62.5	0	0	0	1	0	0	0	0	0	Si	10
44.4	24.2	68.6	60.5	30.8	59.7	60.2	60.7	0	0	0	1	0	0	0	0	0	Si	11
59.9	29.4	50.7	44.3	43.5	56.9	72.8	78.6	0	0	0	1	0	0	0	0	0	Si	12
45.3	20.4	56.1	52.9	48.7	55.6	55.3	60.7	0	0	0	1	0	0	0	0	0	Si	13
27.2	14	57.8	74.4	24.1	55.6	60.2	100	0	0	0	1	0	0	0	0	0	Si	14
26.2	12.8	61	68.6	35.6	65.3	67	96.4	0	0	0	1	0	0	0	0	0	Si	15
53	15.1	60.5	48.8	47.7	58.3	69.9	71.4	0	0	0	1	0	0	0	0	0	Si	16
75.3	63	51.6	34.1	40.6	54.2	79.6	62.5	0	0	0	1	0	0	0	0	0	Si	17
63.7	47.2	18.4	48.7	36.7	47.2	82.5	58.9	0	0	0	1	0	0	0	0	0	Si	18
61.6	32.1	44.4	35.3	58.8	52.8	81.6	67.9	0	0	0	1	0	0	0	0	0	Si	19
74.1	60.4	48	27.3	56.7	44.4	73.8	53.6	0	0	0	1	0	0	0	0	0	Si	20
79.6	86	33.2	31.4	40.1	38.9	68	44.6	0	0	0	1	0	0	0	0	0	Si	21
72.8	55.5	31.8	29.2	58	48.6	72.8	67.9	0	0	0	1	0	0	0	0	0	Si	22
78.3	55.5	26.5	32.9	47	48.6	92.2	64.3	0	0	0	1	0	0	0	0	0	Si	23
69.6	42.6	26.5	42.1	41.3	50	88.3	67.9	0	0	0	1	0	0	0	0	0	Si	24
70.6	44.9	26	38.4	46.5	52.8	96.1	73.2	0	0	0	1	0	0	0	0	0	Si	25
54.4	43.4	27.8	50.9	39.9	50	84.5	76.8	0	0	0	1	0	0	0	0	0	Si	26
48.3	22.3	73.5	61.3	25.1	55.6	60.2	53.6	0	0	0	1	0	0	0	0	0	Si	27
49.7	23	69.5	59.4	27.4	56.9	65	53.6	0	0	0	1	0	0	0	0	0	Si	28
67.5	33.6	38.1	50.9	32	51.4	66	23.2	0	0	0	1	0	0	0	0	0	Si	29
34	16.2	51.6	68.4	31.8	54.2	58.3	75	0	0	0	1	0	0	0	0	0	Si	30
32.9	14.3	45.7	67.3	35.9	58.3	65	80.4	0	0	0	1	0	0	0	0	0	Si	31
31.7	15.1	54.3	66	37.7	59.7	59.2	80.4	0	0	0	1	0	0	0	0	0	Si	32
46	21.9	90.6	58.2	27.4	58.3	71.8	64.3	0	0	0	1	0	0	0	0	0	Si	33
51.4	26.4	54.3	54.3	35.8	58.3	68.9	71.4	0	0	0	1	0	0	0	0	0	Si	34
57.5	30.2	42.6	52.4	35.6	56.9	66	58.9	0	0	0	1	0	0	0	0	0	Si	35
58	27.5	66.8	55.5	25	56.9	67	51.8	0	0	0	1	0	0	0	0	0	Si	36
38.4	45.3	26	51	65.4	45.8	85.4	0	0	0	0	0	1	0	0	0	0	IS	2
43.8	30.6	26	51.2	62.3	41.7	89.3	0	0	0	0	0	1	0	0	0	0	IS	3
45.2	30.9	30.9	46.4	69.1	45.8	89.3	0	0	0	0	0	1	0	0	0	0	IS	4
39.3	30.2	28.3	51.6	66.3	40.3	87.4	0	0	0	0	0	1	0	0	0	0	IS	5
45	32.8	35.4	46.9	70.5	33.3	62.1	0	0	0	0	0	1	0	0	0	0	IS	6
44.3	44.2	35.4	48.3	63.9	25	62.1	0	0	0	0	0	1	0	0	0	0	IS	7
46.1	35.1	26.9	51.5	61.3	36.1	58.3	0	0	0	0	0	1	0	0	0	0	IS	8
42.2	28.7	31.8	51.4	66.3	36.1	58.3	0	0	0	0	0	1	0	0	0	0	IS	9
43.9	33.2	36.3	48.4	68.4	34.7	57.3	0	0	0	0	0	1	0	0	0	0	IS	10
43.4	27.5	26.9	49.2	67.7	36.1	63.1	0	0	0	0	0	1	0	0	0	0	IS	11
44.3	29.1	35.4	50.6	64.8	37.5	58.3	0	0	0	0	0	1	0	0	0	0	IS	12
41.3	33.2	24.7	52.7	63.4	41.7	64.1	0	0	0	0	0	1	0	0	0	0	IS	13
39.9	30.6	34.1	51.5	66.5	31.9	68	0	0	0	0	0	1	0	0	0	0	IS	14
50.3	29.1	24.7	49.6	59.6	45.8	77.7	0	0	0	0	0	1	0	0	0	0	IS	15
48.8	31.3	27.4	48.3	64.6	50	60.2	0	0	0	0	0	1	0	0	0	0	IS	16
46.4	24.5	22	52	63.3	34.7	63.1	0	0	0	0	0	1	0	0	0	0	IS	17
44.2	22.6	30.5	52.1	63.4	37.5	85.4	0	0	0	0	0	1	0	0	0	0	IS	18
42.8	33.6	36.8	50	66.3	36.1	54.4	0	0	0	0	0	1	0	0	0	0	IS	19
45.2	24.9	30	52.6	59.6	43.1	76.7	0	0	0	0	0	1	0	0	0	0	IS	20
44.1	29.4	26.9	51.2	64.2	45.8	64.1	0	0	0	0	0	1	0	0	0	0	IS	21
38.8	32.5	38.6	51.4	65.8	36.1	84.5	0	0	0	0	0	1	0	0	0	0	IS	22
49.3	31.7	27.8	48.9	63.9	27.8	63.1	0	0	0	0	0	1	0	0	0	0	IS	23
48.7	26	22	48.7	66	37.5	72.8	0	0	0	0	0	1	0	0	0	0	IS	24
43.1	27.5	22.9	52.8	63.1	48.6	73.8	0	0	0	0	0	1	0	0	0	0	IS	25
50.3	22.6	23.8	51.9	64.5	43.1	69.9	0	0	0	0	0	1	0	0	0	0	IS	26
43.8	35.5	30.5	49.1	67.7	36.1	55.3	0	0	0	0	0	1	0	0	0	0	IS	27
44.6	29.1	25.6	50	66.2	41.7	68.9	0	0	0	0	0	1	0	0	0	0	IS	28
42.8	29.4	31.4	51	65.1	25	49.5	0	0	0	0	0	1	0	0	0	0	IS	29
41.8	31.3	30	50.8	66.2	43.1	73.8	0	0	0	0	0	1	0	0	0	0	IS	30
39.2	35.1	33.6	52.3	65.2	38.9	62.1	0	0	0	0	0	1	0	0	0	0	IS	31
43.2	26	26.5	52.8	62.9	38.9	67	0	0	0	0	0	1	0	0	0	0	IS	32
47.3	30.9	32.7	49.3	63.9	36.1	61.2	0	0	0	0	0	1	0	0	0	0	IS	33
38.8	30.6	37.7	52.1	64.5	41.7	75.7	0	0	0	0	0	1	0	0	0	0	IS	34
44.8	26.8	26	50.2	65.4	40.3	78.6	0	0	0	0	0	1	0	0	0	0	IS	35
47.1	29.4	39.9	48.5	63.6	29.2	69.9	0	0	0	0	0	1	0	0	0	0	IS	36
41.3	28.7	21.5	52.6	64.5	47.2	75.7	0	0	0	0	0	1	0	0	0	0	IS	37
42.8	34.3	30	53.4	66.2	43.1	72.8	0	0	0	0	0	1	0	0	0	0	IS	38
41.4	30.2	23.3	52.5	66.7	34.7	74.8	0	0	0	0	0	1	0	0	0	0	IS	39
50.5	27.9	22	51.2	63.7	44.4	82.5	0	0	0	0	0	1	0	0	0	0	IS	40
43.1	33.6	31.8	50.6	64.9	56.9	52.4	0	0	0	0	0	1	0	0	0	0	IS	41
39.2	23.8	26.5	53.1	68.3	38.9	77.7	0	0	0	0	0	1	0	0	0	0	IS	42
38.9	24.2	27.4	54	66.7	36.1	57.3	0	0	0	0	0	1	0	0	0	0	IS	43
40.1	26.8	30.5	53.1	64	37.5	74.8	0	0	0	0	0	1	0	0	0	0	IS	44
44	27.5	26	49.9	67.9	36.1	68	0	0	0	0	0	1	0	0	0	0	IS	45
47.6	7.5	38.1	43	65.6	25	42.7	0	0	0	0	0	1	0	0	0	0	IS	46
39	30.6	30	47.5	70.5	27.8	43.7	0	0	0	0	0	1	0	0	0	0	IS	47
44	39.6	29.6	47.5	69.5	29.2	41.7	0	0	0	0	0	1	0	0	0	0	IS	48
37.3	26	27.8	52.3	71.3	26.4	66	0	0	0	0	0	1	0	0	0	0	IS	49
40.9	31.3	28.3	46.4	77.5	36.1	64.1	0	0	0	0	0	1	0	0	0	0	IS	50
43.8	24.9	25.1	47.9	71.3	38.9	85.4	0	0	0	0	0	1	0	0	0	0	IS	51
38.2	32.5	23.8	50.6	71.2	31.9	80.6	0	0	0	0	0	1	0	0	0	0	IS	52
43.6	30.2	26	48.3	65.1	27.8	68	0	0	0	0	0	1	0	0	0	0	IS	53
45.2	26.4	21.1	52.8	59.9	47.2	81.6	0	0	0	0	0	1	0	0	0	0	IS	54
40.4	31.3	35	49.5	70	30.6	69.9	0	0	0	0	0	1	0	0	0	0	IS	55
46.3	23.8	30.9	50.1	65.8	27.8	65	0	0	0	0	0	1	0	0	0	0	IS	56
41.8	39.6	29.6	47.2	68.2	45.8	100	0	0	0	0	0	1	0	0	0	0	IS	57
41.3	26.8	35.4	52.3	64.7	27.8	68.9	0	0	0	0	0	1	0	0	0	0	IS	58
38.2	33.2	34.1	50.4	70.9	31.9	62.1	0	0	0	0	0	1	0	0	0	0	IS	59
46	25.3	22.9	48.3	68.5	38.9	83.5	0	0	0	0	0	1	0	0	0	0	IS	60
40	36.2	35.4	50.4	68.6	25	61.2	0	0	0	0	0	1	0	0	0	0	IS	61
43.8	23.8	30.5	50.5	68.6	25	61.2	0	0	0	0	0	1	0	0	0	0	IS	62
44.4	28.7	22	48.2	72.1	30.6	69.9	0	0	0	0	0	1	0	0	0	0	IS	63
42.8	35.1	29.6	51.3	71.9	36.1	83.5	0	0	0	0	0	1	0	0	0	0	IS	64
43	30.6	30.5	49.3	66.4	33.3	91.3	0	0	0	0	0	1	0	0	0	0	IS	65
48.7	35.1	41.7	36.3	85.9	27.8	70.9	0	0	0	0	0	0	1	0	0	0	CS	2
46.5	35.8	39.9	37	87.5	26.4	64.1	0	0	0	0	0	0	1	0	0	0	CS	3
43.1	41.5	43.9	38.9	83.9	26.4	78.6	0	0	0	0	0	0	1	0	0	0	CS	4
52.5	27.2	38.6	32.7	91.5	31.9	70.9	0	0	0	0	0	0	1	0	0	0	CS	5
53.6	36.6	41.7	33.5	86.8	27.8	61.2	0	0	0	0	0	0	1	0	0	0	CS	6
49.4	30.9	53.8	31.8	92.2	25	78.6	0	0	0	0	0	0	1	0	0	0	CS	7
48.4	39.2	47.1	39.3	78.8	27.8	57.3	0	0	0	0	0	0	1	0	0	0	CS	8
50.4	36.2	39.9	27.6	100	27.8	90.3	0	0	0	0	0	0	1	0	0	0	CS	9
48.9	30.6	39.5	35.2	88.9	30.6	74.8	0	0	0	0	0	0	1	0	0	0	CS	10
45.5	33.6	39.9	40	84.6	18.1	54.4	0	0	0	0	0	0	1	0	0	0	CS	11
46.4	31.7	47.1	36.3	89.4	30.6	85.4	0	0	0	0	0	0	1	0	0	0	CS	12
43.2	32.1	48.4	40.9	81.6	31.9	69.9	0	0	0	0	0	0	1	0	0	0	CS	13
46.3	27.2	36.3	40	84.1	31.9	68	0	0	0	0	0	0	1	0	0	0	CS	14
51	34	47.5	34.1	87.3	33.3	62.1	0	0	0	0	0	0	1	0	0	0	CS	15
46.7	29.8	37.2	39	85.3	30.6	63.1	0	0	0	0	0	0	1	0	0	0	CS	16
42.1	30.6	39.5	40.9	86.3	36.1	53.4	0	0	0	0	0	0	1	0	0	0	CS	17
42.3	42.3	44.8	40.7	81.9	36.1	58.3	0	0	0	0	0	0	1	0	0	0	CS	18
47.1	30.2	47.5	37.2	88	29.2	67	0	0	0	0	0	0	1	0	0	0	CS	19
46.9	32.5	45.7	38.1	84.3	31.9	64.1	0	0	0	0	0	0	1	0	0	0	CS	20
48.8	35.8	48.9	36.4	83.1	34.7	72.8	0	0	0	0	0	0	1	0	0	0	CS	21
46.3	27.2	25.1	41.2	84.1	36.1	53.4	0	0	0	0	0	0	1	0	0	0	CS	22
50.2	35.1	27.8	36.8	84.1	43.1	80.6	0	0	0	0	0	0	1	0	0	0	CS	23
41.4	23.4	22.4	44.7	83.9	37.5	63.1	0	0	0	0	0	0	1	0	0	0	CS	24
45.3	28.3	39.5	36.4	91.5	29.2	70.9	0	0	0	0	0	0	1	0	0	0	CS	25
48.2	36.2	38.6	37	90.4	31.9	76.7	0	0	0	0	0	0	1	0	0	0	CS	26
47.2	30.2	43.9	34.8	92	27.8	64.1	0	0	0	0	0	0	1	0	0	0	CS	27
43.4	33.2	51.6	39.6	83.5	30.6	71.8	0	0	0	0	0	0	1	0	0	0	CS	28
45.9	32.1	37.7	36.1	91.2	33.3	65	0	0	0	0	0	0	1	0	0	0	CS	29
42.4	27.9	40.8	42.7	83.6	22.2	56.3	0	0	0	0	0	0	1	0	0	0	CS	30
44.9	30.6	37.7	37.2	90.4	25	70.9	0	0	0	0	0	0	1	0	0	0	CS	31
50.5	29.1	39.9	33.5	90.8	27.8	79.6	0	0	0	0	0	0	1	0	0	0	CS	32
49.1	34.3	40.4	34.4	90	31.9	67	0	0	0	0	0	0	1	0	0	0	CS	33
49.8	24.5	35	65.9	26.6	52.8	66	0	0	0	0	0	0	0	1	0	0	EL	2
43.6	28.3	43.9	65.4	30.5	38.9	75.7	0	0	0	0	0	0	0	1	0	0	EL	3
45.3	20.8	39.5	67.3	27.6	52.8	75.7	0	0	0	0	0	0	0	1	0	0	EL	4
48.9	20.8	43.9	64	29.5	38.9	85.4	0	0	0	0	0	0	0	1	0	0	EL	5
52.4	13.2	26	69.7	23.7	25	46.6	0	0	0	0	0	0	0	1	0	0	EL	6
47.1	13.2	21.5	80.1	12.9	11.1	17.5	0	0	0	0	0	0	0	1	0	0	EL	7
54.2	24.5	39.5	62.1	30.5	38.9	56.3	0	0	0	0	0	0	0	1	0	0	EL	8
50.7	28.3	43.9	57.8	34.4	66.7	95.1	0	0	0	0	0	0	0	1	0	0	EL	9
53.3	20.8	43.9	59.7	32.5	52.8	85.4	0	0	0	0	0	0	0	1	0	0	EL	10
54.2	24.5	30.5	58.8	31.5	80.6	95.1	0	0	0	0	0	0	0	1	0	0	EL	11
50.7	32.1	17	57.8	36.4	66.7	95.1	0	0	0	0	0	0	0	1	0	0	EL	12
48.9	28.3	30.5	60.7	33.5	52.8	85.4	0	0	0	0	0	0	0	1	0	0	EL	13
46.2	32.1	39.5	62.6	32.5	38.9	85.4	0	0	0	0	0	0	0	1	0	0	EL	14
41.8	32.1	48.4	66.8	29.5	25	66	0	0	0	0	0	0	0	1	0	0	EL	15
42.7	28.3	57.4	67.8	26.6	66.7	95.1	0	0	0	0	0	0	0	1	0	0	EL	16
36.4	32.1	52.9	69.7	25.6	52.8	85.4	0	0	0	0	0	0	0	1	0	0	EL	17
42.7	28.3	43.9	65.4	30.5	80.6	75.7	0	0	0	0	0	0	0	1	0	0	EL	18
45.3	32.1	48.4	67.3	22.7	38.9	75.7	0	0	0	0	0	0	0	1	0	0	EL	19
41.8	24.5	39.5	72.5	21.7	38.9	66	0	0	0	0	0	0	0	1	0	0	EL	20
48.9	20.8	35	73.9	18.8	11.1	17.5	0	0	0	0	0	0	0	1	0	0	EL	21
43.6	24.5	39.5	72	21.7	25	66	0	0	0	0	0	0	0	1	0	0	EL	22
39.1	32.1	43.9	77.3	17.8	11.1	27.2	0	0	0	0	0	0	0	1	0	0	EL	23
42.7	28.3	52.9	70.1	23.7	38.9	46.6	0	0	0	0	0	0	0	1	0	0	EL	24
45.3	24.5	48.4	68.7	22.7	38.9	75.7	0	0	0	0	0	0	0	1	0	0	EL	25
45.3	32.1	43.9	65.4	27.6	52.8	66	0	0	0	0	0	0	0	1	0	0	EL	26
51.6	28.3	35	64.9	25.6	38.9	75.7	0	0	0	0	0	0	0	1	0	0	EL	27
49.8	35.8	43.9	62.6	28.6	25	85.4	0	0	0	0	0	0	0	1	0	0	EL	28
45.3	32.1	35	67.3	27.6	25	66	0	0	0	0	0	0	0	1	0	0	EL	29
51.6	24.5	52.9	65.9	26.6	11.1	36.9	0	0	0	0	0	0	0	1	0	0	EL	30
70.2	28.3	52.9	53.1	34.4	0	17.5	0	0	0	0	0	0	0	1	0	0	EL	31
65.8	24.5	43.9	57.8	30.5	11.1	27.2	0	0	0	0	0	0	0	1	0	0	EL	32
42.7	17	30.5	75.4	21.7	11.1	56.3	0	0	0	0	0	0	0	1	0	0	EL	33
48	28.3	35	70.6	19.8	38.9	56.3	0	0	0	0	0	0	0	1	0	0	EL	34
56	28.3	30.5	72	13.9	11.1	27.2	0	0	0	0	0	0	0	1	0	0	EL	35
54.2	32.1	39.5	75.4	8	0	7.8	0	0	0	0	0	0	0	1	0	0	EL	36
50.7	24.5	43.9	74.4	12.9	11.1	27.2	0	0	0	0	0	0	0	1	0	0	EL	37
49.8	35.8	39.5	67.8	17.8	38.9	85.4	0	0	0	0	0	0	0	1	0	0	EL	38
49.8	32.1	57.4	66.8	18.8	25	66	0	0	0	0	0	0	0	1	0	0	EL	39
50.7	24.5	30.5	70.6	22.7	11.1	36.9	0	0	0	0	0	0	0	1	0	0	EL	40
52.4	28.3	39.5	72	13.9	11.1	46.6	0	0	0	0	0	0	0	1	0	0	EL	41
47.1	28.3	39.5	74.9	11.9	25	56.3	0	0	0	0	0	0	0	1	0	0	EL	42
48.9	20.8	26	74.4	12.9	38.9	75.7	0	0	0	0	0	0	0	1	0	0	EL	43
46.2	24.5	43.9	70.1	19.8	52.8	56.3	0	0	0	0	0	0	0	1	0	0	EL	44
48	24.5	39.5	71.1	17.8	38.9	66	0	0	0	0	0	0	0	1	0	0	EL	45
44.4	20.8	39.5	72	21.7	25	66	0	0	0	0	0	0	0	1	0	0	EL	46
48	20.8	30.5	73.5	16.8	25	36.9	0	0	0	0	0	0	0	1	0	0	EL	47
50.7	24.5	39.5	69.2	21.7	25	46.6	0	0	0	0	0	0	0	1	0	0	EL	48
36.4	24.5	43.9	76.8	22.7	11.1	27.2	0	0	0	0	0	0	0	1	0	0	EL	49
0	24.5	35	100	19.8	0	17.5	0	0	0	0	0	0	0	1	0	0	EL	50
44.4	43.4	26	59.2	54	0	0	0	0	0	0	0	0	0	0	1	0	WL	2
36.4	32.1	30.5	58.3	56.9	0	0	0	0	0	0	0	0	0	0	1	0	WL	3
40.9	39.6	26	61.6	53	0	7.8	0	0	0	0	0	0	0	0	1	0	WL	4
35.6	28.3	88.8	55.9	58.9	11.1	7.8	0	0	0	0	0	0	0	0	1	0	WL	5
40	47.2	39.5	65.4	37.4	11.1	36.9	0	0	0	0	0	0	0	0	1	0	WL	6
40	47.2	52.9	62.6	42.3	11.1	17.5	0	0	0	0	0	0	0	0	1	0	WL	7
37.3	32.1	35	68.2	44.2	0	0	0	0	0	0	0	0	0	0	1	0	WL	8
45.3	43.4	43.9	58.3	51.1	0	0	0	0	0	0	0	0	0	0	1	0	WL	9
37.3	35.8	30.5	69.2	52.1	0	0	0	0	0	0	0	0	0	0	1	0	WL	10
40.9	32.1	35	61.6	53	11.1	0	0	0	0	0	0	0	0	0	1	0	WL	11
47.1	62.3	30.5	62.1	39.3	11.1	7.8	0	0	0	0	0	0	0	0	1	0	WL	12
42.7	62.3	35	61.1	40.3	11.1	36.9	0	0	0	0	0	0	0	0	1	0	WL	13
32.9	35.8	66.4	67.3	45.2	11.1	0	0	0	0	0	0	0	0	0	1	0	WL	14
32.9	28.3	79.8	58.8	57.9	0	0	0	0	0	0	0	0	0	0	1	0	WL	15
31.1	28.3	21.5	71.6	48.1	0	0	0	0	0	0	0	0	0	0	1	0	WL	16
33.8	28.3	26	70.1	47.2	0	0	0	0	0	0	0	0	0	0	1	0	WL	17
40	39.6	26	61.6	55	0	0	0	0	0	0	0	0	0	0	1	0	WL	18
56	50.9	43.9	62.1	27.6	11.1	7.8	0	0	0	0	0	0	0	0	1	0	WL	19
40	28.3	70.9	73.5	23.7	0	0	0	0	0	0	0	0	0	0	1	0	WL	20
36.4	32.1	61.9	62.6	50.1	0	7.8	0	0	0	0	0	0	0	0	1	0	WL	21
32	28.3	30.5	66.4	56	0	0	0	0	0	0	0	0	0	0	1	0	WL	22
50.7	43.4	30.5	54.5	55	0	7.8	0	0	0	0	0	0	0	0	1	0	WL	23
40	47.2	39.5	65.9	39.3	11.1	7.8	0	0	0	0	0	0	0	0	1	0	WL	24
33.8	32.1	43.9	63	56.9	0	0	0	0	0	0	0	0	0	0	1	0	WL	25
35.6	28.3	88.8	63	48.1	11.1	0	0	0	0	0	0	0	0	0	1	0	WL	26
38.2	28.3	43.9	70.1	36.4	11.1	7.8	0	0	0	0	0	0	0	0	1	0	WL	27
38.2	28.3	43.9	71.6	35.4	11.1	7.8	0	0	0	0	0	0	0	0	1	0	WL	28
36.4	28.3	88.8	62.6	46.2	11.1	0	0	0	0	0	0	0	0	0	1	0	WL	29
36.4	28.3	48.4	62.6	55	0	0	0	0	0	0	0	0	0	0	1	0	WL	30
35.6	28.3	88.8	62.1	47.2	11.1	0	0	0	0	0	0	0	0	0	1	0	WL	31
27.6	35.8	84.3	67.3	45.2	0	0	0	0	0	0	0	0	0	0	1	0	WL	32
37.3	32.1	43.9	66.8	44.2	0	7.8	0	0	0	0	0	0	0	0	1	0	WL	33
31.1	28.3	66.4	72	37.4	0	0	0	0	0	0	0	0	0	0	1	0	WL	34
37.3	35.8	26	71.6	38.4	0	0	0	0	0	0	0	0	0	0	1	0	WL	35
35.6	32.1	39.5	66.8	45.2	11.1	17.5	0	0	0	0	0	0	0	0	1	0	WL	36
36.4	28.3	39.5	71.1	39.3	0	0	0	0	0	0	0	0	0	0	1	0	WL	37
45.3	28.3	66.4	64	37.4	0	7.8	0	0	0	0	0	0	0	0	1	0	WL	38
42.7	28.3	61.9	66.8	34.4	11.1	0	0	0	0	0	0	0	0	0	1	0	WL	39
43.6	39.6	57.4	63	31.5	11.1	7.8	0	0	0	0	0	0	0	0	1	0	WL	40
42.7	24.5	39.5	72	30.5	11.1	0	0	0	0	0	0	0	0	0	1	0	WL	41
48	28.3	43.9	67.3	35.4	0	7.8	0	0	0	0	0	0	0	0	1	0	WL	42
44.4	28.3	35	71.6	29.5	0	7.8	0	0	0	0	0	0	0	0	1	0	WL	43
35.6	35.8	26	67.3	49.1	0	0	0	0	0	0	0	0	0	0	1	0	WL	44
40.9	32.1	30.5	67.8	41.3	11.1	7.8	0	0	0	0	0	0	0	0	1	0	WL	45
59.6	35.8	61.9	56.4	33.5	11.1	7.8	0	0	0	0	0	0	0	0	1	0	WL	46
40	32.1	52.9	68.2	35.4	11.1	7.8	0	0	0	0	0	0	0	0	1	0	WL	47
35.6	28.3	26	67.3	51.1	0	0	0	0	0	0	0	0	0	0	1	0	WL	48
33.8	39.6	43.9	68.7	41.3	11.1	7.8	0	0	0	0	0	0	0	0	1	0	WL	49
31.1	24.5	39.5	78.2	28.6	11.1	17.5	0	0	0	0	0	0	0	0	1	0	WL	50
42.2	20.8	14.8	78.4	14.9	31.9	51.5	0	0	0	0	0	0	0	0	0	1	Um	2
42.7	17	17	78.2	14.9	36.1	43.7	0	0	0	0	0	0	0	0	0	1	Um	3
41.8	18.9	16.6	78.7	15.1	45.8	17.5	0	0	0	0	0	0	0	0	0	1	Um	4
42.7	17	19.3	78.4	14.9	36.1	38.8	0	0	0	0	0	0	0	0	0	1	Um	5
44	15.1	21.5	75.8	14.9	48.6	51.5	0	0	0	0	0	0	0	0	0	1	Um	6
40	22.6	10.3	79.4	15.9	25	51.5	0	0	0	0	0	0	0	0	0	1	Um	7
39.1	20.8	8.1	79.5	15.4	36.1	61.2	0	0	0	0	0	0	0	0	0	1	Um	8
43.6	15.1	20.6	76.1	14.9	45.8	46.6	0	0	0	0	0	0	0	0	0	1	Um	9
40.4	18.9	11.7	78.9	15.4	27.8	61.2	0	0	0	0	0	0	0	0	0	1	Um	10
42.2	17	16.1	78.4	15.1	38.9	46.6	0	0	0	0	0	0	0	0	0	1	Um	11
41.8	18.9	12.6	78.7	15.4	31.9	51.5	0	0	0	0	0	0	0	0	0	1	Um	12
42.2	17	17	78.4	15.1	38.9	49.5	0	0	0	0	0	0	0	0	0	1	Um	13
41.3	20	19.3	78.7	15.1	25	36.9	0	0	0	0	0	0	0	0	0	1	Um	14
42.7	16.2	17.9	78.2	14.9	45.8	36.9	0	0	0	0	0	0	0	0	0	1	Um	15
43.1	17	20.6	78	14.9	50	31.1	0	0	0	0	0	0	0	0	0	1	Um	16
42.7	16.2	19.3	78.2	14.9	38.9	38.8	0	0	0	0	0	0	0	0	0	1	Um	17
43.1	16.2	20.6	78.2	15.1	45.8	29.1	0	0	0	0	0	0	0	0	0	1	Um	18
42.7	16.2	19.3	77.7	14.9	45.8	38.8	0	0	0	0	0	0	0	0	0	1	Um	19
43.1	16.2	20.6	78	14.9	45.8	31.1	0	0	0	0	0	0	0	0	0	1	Um	20
43.1	15.1	21.5	77.7	14.9	45.8	41.7	0	0	0	0	0	0	0	0	0	1	Um	21
41.8	20.8	16.1	78.9	15.7	36.1	33	0	0	0	0	0	0	0	0	0	1	Um	22
42.7	17	19.3	78.2	14.9	41.7	35	0	0	0	0	0	0	0	0	0	1	Um	23
44	15.1	21.5	75.8	14.4	51.4	52.4	0	0	0	0	0	0	0	0	0	1	Um	24
44.4	13.2	23.8	75.8	14.4	52.8	48.5	0	0	0	0	0	0	0	0	0	1	Um	25
41.3	20.8	20.6	79.5	15.7	36.1	30.1	0	0	0	0	0	0	0	0	0	1	Um	26
41.3	18.9	14.8	79.6	15.7	45.8	38.8	0	0	0	0	0	0	0	0	0	1	Um	27
40.4	22.6	12.6	79.4	15.9	31.9	46.6	0	0	0	0	0	0	0	0	0	1	Um	28
40.9	22.6	16.1	79.6	15.1	27.8	41.7	0	0	0	0	0	0	0	0	0	1	Um	29
40.9	22.6	16.1	79.6	15.1	27.8	41.7	0	0	0	0	0	0	0	0	0	1	Um	30
43.6	20.8	21.5	76.3	15.9	51.4	40.8	0	0	0	0	0	0	0	0	0	1	Um	31
41.3	20.8	14.8	78.7	15.9	27.8	54.4	0	0	0	0	0	0	0	0	0	1	Um	32
39.1	23.8	10.3	80.1	15.9	22.2	55.3	0	0	0	0	0	0	0	0	0	1	Um	33
42.7	17	20.6	78	14.9	41.7	32	0	0	0	0	0	0	0	0	0	1	Um	34
39.1	23.8	16.1	80.1	15.7	36.1	20.4	0	0	0	0	0	0	0	0	0	1	Um	35
41.3	20.8	17	79.4	15.4	36.1	24.3	0	0	0	0	0	0	0	0	0	1	Um	36
43.4	14.7	22.4	78	14.4	55.6	29.1	0	0	0	0	0	0	0	0	0	1	Um	37
44	0	20.6	80.8	12.4	69.4	17.5	0	0	0	0	0	0	0	0	0	1	Um	38
44.4	22.6	30.5	76.5	6.1	73.6	61.2	0	0	0	0	0	0	0	0	0	1	Um	39
39.8	13.2	11.7	80	17.4	52.8	51.5	0	0	0	0	0	0	0	0	0	1	Um	40
44.9	5.7	32.7	78.4	14.9	73.6	12.6	0	0	0	0	0	0	0	0	0	1	Um	41
44	5.7	20.6	80.3	11.9	69.4	17.5	0	0	0	0	0	0	0	0	0	1	Um	42
41.1	12.8	11.7	79.6	16.3	63.9	44.7	0	0	0	0	0	0	0	0	0	1	Um	43
44.4	0	26	80.1	11.9	66.7	17.5	0	0	0	0	0	0	0	0	0	1	Um	44
44.4	24.5	28.3	76.3	7.5	66.7	56.3	0	0	0	0	0	0	0	0	0	1	Um	45
39.6	17	10.3	79.9	16.8	59.7	46.6	0	0	0	0	0	0	0	0	0	1	Um	46
43.6	24.5	28.3	77.3	8.5	59.7	56.3	0	0	0	0	0	0	0	0	0	1	Um	47
44	15.1	23.8	78.9	14.9	31.9	17.5	0	0	0	0	0	0	0	0	0	1	Um	48
43.1	13.2	26	78.1	14.9	31.9	32	0	0	0	0	0	0	0	0	0	1	Um	49
44.4	13.2	30.5	78.2	14.9	69.4	7.8	0	0	0	0	0	0	0	0	0	1	Um	50
42.8	8.3	26	78.4	14.9	52.8	36.9	0	0	0	0	0	0	0	0	0	1	Um	51
65.5	67.5	20.2	46.3	43.7	31.9	42.7	23.2	0	0	1	0	0	0	0	0	0	SA	2
67	71.3	32.7	29.8	62.2	26.4	46.6	21.4	0	0	1	0	0	0	0	0	0	SA	3
71.1	69.4	28.7	39.3	49.6	26.4	44.7	30.4	0	0	1	0	0	0	0	0	0	SA	4
68.8	61.5	25.1	38.2	53.9	37.5	63.1	42.9	0	0	1	0	0	0	0	0	0	SA	5
71.3	64.2	29.1	25.7	73.9	44.4	68	53.6	0	0	1	0	0	0	0	0	0	SA	6
71.1	81.9	57.4	19.7	76.8	41.7	56.3	39.3	0	0	1	0	0	0	0	0	0	SA	7
79.9	73.2	47.1	16.4	77.5	55.6	58.3	50	0	0	1	0	0	0	0	0	0	SA	8
62.8	68.7	46.6	34.9	60.6	52.8	56.3	35.7	0	0	1	0	0	0	0	0	0	SA	9
60.1	66.8	22.9	39.4	59.2	50	61.2	46.4	0	0	1	0	0	0	0	0	0	SA	10
58.9	66.4	22.4	26.6	83.7	56.9	66	46.4	0	0	1	0	0	0	0	0	0	SA	11
75.8	63.4	13.9	21.2	84.1	47.2	56.3	39.3	0	0	1	0	0	0	0	0	0	SA	12
70.1	64.9	17.5	26.6	76.8	50	56.3	26.8	0	0	1	0	0	0	0	0	0	SA	13
71.4	67.2	25.1	27.3	73.8	38.9	56.3	28.6	0	0	1	0	0	0	0	0	0	SA	14
67.5	72.1	22.9	30.9	70.5	45.8	46.6	25	0	0	1	0	0	0	0	0	0	SA	15
78	59.2	8.1	29.4	68.1	48.6	50.5	21.4	0	0	1	0	0	0	0	0	0	SA	16
63.4	54.7	23.8	29	83.2	30.6	46.6	26.8	0	0	1	0	0	0	0	0	0	SA	17
62.3	57	8.1	28.5	84.5	54.2	65	46.4	0	0	1	0	0	0	0	0	0	SA	18
60.1	55.8	13.9	35.1	76.5	37.5	53.4	17.9	0	0	1	0	0	0	0	0	0	SA	19
68.4	59.6	16.1	35	67.6	40.3	40.8	21.4	0	0	1	0	0	0	0	0	0	SA	20
69.7	56.2	31.8	37.3	58.1	30.6	39.8	37.5	0	0	1	0	0	0	0	0	0	SA	21
63.5	60	20.6	26.7	82.3	47.2	66	33.9	0	0	1	0	0	0	0	0	0	SA	22
60.4	53.6	17.9	33.2	79.7	33.3	47.6	30.4	0	0	1	0	0	0	0	0	0	SA	23
66.8	55.8	19.7	27.9	80.7	48.6	54.4	39.3	0	0	1	0	0	0	0	0	0	SA	24
69.1	63	40.4	29.1	63.9	58.3	64.1	50	0	0	1	0	0	0	0	0	0	SA	25
67.5	62.3	13	33.2	66.7	51.4	41.7	39.3	0	0	1	0	0	0	0	0	0	SA	26
61.6	56.6	10.3	34.4	77.8	40.3	37.9	25	0	0	1	0	0	0	0	0	0	SA	27
65.4	54.7	7.6	36.6	68.8	51.4	44.7	23.2	0	0	1	0	0	0	0	0	0	SA	28
67.5	58.9	14.3	30.2	78.1	38.9	44.7	23.2	0	0	1	0	0	0	0	0	0	SA	29
61.8	59.2	7.6	33.4	79.5	36.1	46.6	16.1	0	0	1	0	0	0	0	0	0	SA	30
65.9	61.9	15.2	30.1	77.8	47.2	46.6	30.4	0	0	1	0	0	0	0	0	0	SA	31
59.8	51.3	13.5	33.2	80.5	52.8	48.5	33.9	0	0	1	0	0	0	0	0	0	SA	32
74.6	60.4	20.6	27.6	69.9	52.8	66	35.7	0	0	1	0	0	0	0	0	0	SA	33
62.2	62.3	13.9	35.7	73.8	33.3	29.1	17.9	0	0	1	0	0	0	0	0	0	SA	34
66.7	55.8	10.8	28.5	81.4	36.1	61.2	44.6	0	0	1	0	0	0	0	0	0	SA	35
61.3	64.9	19.7	29.4	78.8	54.2	71.8	41.1	0	0	1	0	0	0	0	0	0	SA	36
67.4	58.9	29.6	33.6	59.6	54.2	50.5	42.9	0	0	1	0	0	0	0	0	0	SA	37
53.1	51.3	1.8	40.7	76.9	34.7	47.6	21.4	0	0	1	0	0	0	0	0	0	SA	38
65.6	52.5	13.9	29.2	81.1	63.9	52.4	25	0	0	1	0	0	0	0	0	0	SA	39
64.4	64.5	34.5	45.5	37.1	44.4	52.4	32.1	0	0	1	0	0	0	0	0	0	SA	40
61.4	53.2	24.7	33.3	76.4	54.2	44.7	21.4	0	0	1	0	0	0	0	0	0	SA	41
54.8	62.6	27.4	31.3	76.5	62.5	69.9	42.9	0	0	1	0	0	0	0	0	0	SA	42
52.5	57.7	17	37.9	75.1	56.9	60.2	25	0	0	1	0	0	0	0	0	0	SA	43
61.1	52.1	11.2	33.4	79.5	45.8	56.3	25	0	0	1	0	0	0	0	0	0	SA	44
56.7	55.8	2.7	38.1	75.7	40.3	56.3	21.4	0	0	1	0	0	0	0	0	0	SA	45
64.4	54.3	20.2	31.9	75.5	47.2	56.3	26.8	0	0	1	0	0	0	0	0	0	SA	46
54.1	57.4	8.5	37.3	78.9	45.8	46.6	25	0	0	1	0	0	0	0	0	0	SA	47
62.9	61.9	11.2	34.6	73	45.8	38.8	41.1	0	0	1	0	0	0	0	0	0	SA	48
58.1	57.4	6.3	39.3	72.3	27.8	48.5	17.9	0	0	1	0	0	0	0	0	0	SA	49
52.5	60.4	22	39.3	72.9	47.2	45.6	23.2	0	0	1	0	0	0	0	0	0	SA	50
57.1	62.3	13	35.8	75	40.3	55.3	64.3	0	0	1	0	0	0	0	0	0	SA	51
58.9	63	25.6	31.5	72.7	56.9	69.9	37.5	0	0	1	0	0	0	0	0	0	SA	52
65.9	61.9	8.1	34.8	69.1	45.8	62.1	14.3	0	0	1	0	0	0	0	0	0	SA	53
64.5	52.8	26.9	38.1	62.4	43.1	51.5	32.1	0	0	1	0	0	0	0	0	0	SA	54
79	70.2	13.5	23.8	74	38.9	52.4	39.3	0	0	1	0	0	0	0	0	0	SA	55
72.4	69.1	18.4	34.7	58	40.3	48.5	26.8	0	0	1	0	0	0	0	0	0	SA	56
66.5	71.3	33.6	31.4	64.7	54.2	61.2	57.1	0	0	1	0	0	0	0	0	0	SA	57
65.4	62.6	47.1	40.1	47.5	52.8	56.3	60.7	0	0	1	0	0	0	0	0	0	SA	58
69.5	64.5	46.6	20.5	81.2	70.8	60.2	48.2	0	0	1	0	0	0	0	0	0	SA	59
62.3	57	31.4	33.5	68.4	54.2	75.7	44.6	0	0	1	0	0	0	0	0	0	SA	60
62.6	58.9	34.5	29.5	73.4	62.5	71.8	71.4	0	0	1	0	0	0	0	0	0	SA	61
71	69.8	24.7	25.7	75.9	40.3	56.3	44.6	0	0	1	0	0	0	0	0	0	SA	62
65.1	60	30.9	32.8	68.4	47.2	60.2	37.5	0	0	1	0	0	0	0	0	0	SA	63
69.1	63	24.2	37.9	56	44.4	50.5	26.8	0	0	1	0	0	0	0	0	0	SA	64
71.4	70.6	23.8	29.4	70.2	47.2	42.7	19.6	0	0	1	0	0	0	0	0	0	SA	65
72.9	73.2	32.7	23.7	73.6	41.7	55.3	44.6	0	0	1	0	0	0	0	0	0	SA	66
64.5	64.2	31.8	31.1	69.2	75	68.9	25	0	0	1	0	0	0	0	0	0	SA	67
67.7	69.8	21.5	29.2	72.5	43.1	46.6	35.7	0	0	1	0	0	0	0	0	0	SA	68
64	53.6	34.1	35.8	64.6	55.6	51.5	41.1	0	0	1	0	0	0	0	0	0	SA	69
71.3	72.5	25.1	24.7	77.4	47.2	47.6	46.4	0	0	1	0	0	0	0	0	0	SA	70
63.2	73.2	29.1	30.7	71.4	55.6	58.3	37.5	0	0	1	0	0	0	0	0	0	SA	71
70.3	69.8	29.1	32.2	61.2	52.8	64.1	33.9	0	0	1	0	0	0	0	0	0	SA	72
70.3	75.1	29.1	20.6	82.7	58.3	65	44.6	0	0	1	0	0	0	0	0	0	SA	73
75.3	57.7	40.4	20.1	80	72.2	55.3	50	0	0	1	0	0	0	0	0	0	SA	74
74.8	69.4	30.9	25.4	71.3	48.6	47.6	48.2	0	0	1	0	0	0	0	0	0	SA	75
73.6	72.1	43	24	71.9	44.4	53.4	46.4	0	0	1	0	0	0	0	0	0	SA	76
75.7	71.3	38.1	16.3	84.2	55.6	50.5	46.4	0	0	1	0	0	0	0	0	0	SA	77
81.7	75.5	22.9	14.3	84.3	59.7	65	44.6	0	0	1	0	0	0	0	0	0	SA	78
80	65.7	41.7	21.4	72.4	47.2	48.5	46.4	0	0	1	0	0	0	0	0	0	SA	79
73.5	78.1	14.3	23.8	77.5	56.9	52.4	25	0	0	1	0	0	0	0	0	0	SA	80
63.7	43	42.6	34.3	69.4	50	52.4	35.7	0	0	1	0	0	0	0	0	0	SA	81
73.6	59.2	44.8	15.6	91.2	52.8	60.2	39.3	0	0	1	0	0	0	0	0	0	SA	82
74.4	60.8	16.6	26	71.6	55.6	60.2	42.9	0	0	1	0	0	0	0	0	0	SA	83
66.2	48.7	27.8	31.8	73.4	43.1	56.3	39.3	0	0	1	0	0	0	0	0	0	SA	84
67.5	53.2	39.9	28	74.5	55.6	59.2	50	0	0	1	0	0	0	0	0	0	SA	85
76.5	65.3	55.6	18.8	80.3	44.4	47.6	25	0	0	1	0	0	0	0	0	0	SA	86
75.2	61.9	39.5	20.8	80.1	54.2	61.2	21.4	0	0	1	0	0	0	0	0	0	SA	87
62.6	47.2	24.7	34.1	75.5	36.1	55.3	17.9	0	0	1	0	0	0	0	0	0	SA	88
70.9	60.8	17.9	28.9	73.1	59.7	46.6	41.1	0	0	1	0	0	0	0	0	0	SA	89
70	59.2	17.5	38.2	55.8	47.2	46.6	48.2	0	0	1	0	0	0	0	0	0	SA	90
71.4	66.4	15.2	30.2	71.6	40.3	42.7	19.6	0	0	1	0	0	0	0	0	0	SA	91
82.6	67.5	27.4	22	71.4	50	54.4	25	0	0	1	0	0	0	0	0	0	SA	92
61.7	54.3	36.8	34.1	71	50	49.5	30.4	0	0	1	0	0	0	0	0	0	SA	93
65	54.7	35.4	34.7	60.8	52.8	63.1	55.4	0	0	1	0	0	0	0	0	0	SA	94
79.8	72.8	43.5	16.2	84.4	31.9	39.8	32.1	0	0	1	0	0	0	0	0	0	SA	95
80.4	79.6	47.1	14	82.1	54.2	59.2	25	0	0	1	0	0	0	0	0	0	SA	96
58	56.6	37.2	38.9	65.1	41.7	47.6	33.9	0	0	1	0	0	0	0	0	0	SA	97
62	68.7	38.6	33.3	68.1	48.6	46.6	39.3	0	0	1	0	0	0	0	0	0	SA	98
60.8	54.3	45.3	33.6	72.6	38.9	48.5	19.6	0	0	1	0	0	0	0	0	0	SA	99
75.6	64.9	28.3	25.7	70.8	45.8	52.4	53.6	0	0	1	0	0	0	0	0	0	SA	100
77	64.9	22.9	25.5	73.3	47.2	44.7	35.7	0	0	1	0	0	0	0	0	0	SA	101
77.5	61.5	20.2	24.4	73.7	52.8	60.2	39.3	0	0	1	0	0	0	0	0	0	SA	102
69.2	60.8	14.8	33.6	64.9	63.9	49.5	51.8	0	0	1	0	0	0	0	0	0	SA	103
67.3	59.2	37.2	36.3	59.3	45.8	41.7	42.9	0	0	1	0	0	0	0	0	0	SA	104
58.8	72.5	23.8	40.4	63.6	48.6	48.5	35.7	0	0	1	0	0	0	0	0	0	SA	105
63.4	53.6	36.8	39.4	56.2	50	54.4	51.8	0	0	1	0	0	0	0	0	0	SA	106
53	76.6	40.4	42.3	54.2	48.6	50.5	41.1	0	0	1	0	0	0	0	0	0	SA	107
68.7	53.6	29.1	34	62.8	52.8	56.3	62.5	0	0	1	0	0	0	0	0	0	SA	108
81	66	38.6	31.1	52.6	47.2	46.6	37.5	0	0	1	0	0	0	0	0	0	SA	109
65.8	57.7	33.6	32.5	70.2	37.5	54.4	26.8	0	0	1	0	0	0	0	0	0	SA	110
72.2	62.6	29.6	24.3	76.5	38.9	55.3	33.9	0	0	1	0	0	0	0	0	0	SA	111
61.2	57	32.3	32.5	69.9	44.4	61.2	51.8	0	0	1	0	0	0	0	0	0	SA	112
74.4	83.4	41.7	14.5	86.9	43.1	47.6	33.9	0	0	1	0	0	0	0	0	0	SA	113
65.5	68.7	26.5	23.5	83.4	41.7	55.3	57.1	0	0	1	0	0	0	0	0	0	SA	114
64.8	58.5	45.3	32.7	64.8	37.5	59.2	37.5	0	0	1	0	0	0	0	0	0	SA	115
69.2	63.4	28.7	26.9	74.4	36.1	57.3	33.9	0	0	1	0	0	0	0	0	0	SA	116
81.5	92.5	35.9	8.9	90.2	40.3	41.7	32.1	0	0	1	0	0	0	0	0	0	SA	117
78.7	83.8	37.7	12.8	85.1	41.7	54.4	42.9	0	0	1	0	0	0	0	0	0	SA	118
78	87.2	44.4	9.7	92.2	37.5	49.5	30.4	0	0	1	0	0	0	0	0	0	SA	119
70.1	62.3	35.9	26.3	72.6	41.7	62.1	35.7	0	0	1	0	0	0	0	0	0	SA	120
78.1	75.5	40.4	22.6	68.2	38.9	56.3	35.7	0	0	1	0	0	0	0	0	0	SA	121
64.8	57	33.2	29.8	73.4	38.9	56.3	37.5	0	0	1	0	0	0	0	0	0	SA	122
77.5	87.2	38.6	6.8	99.2	34.7	46.6	32.1	0	0	1	0	0	0	0	0	0	SA	123
73.2	59.2	46.2	16.4	88.6	34.7	55.3	41.1	0	0	1	0	0	0	0	0	0	SA	124
65.5	53.2	27.8	26.1	84.6	31.9	44.7	30.4	0	0	1	0	0	0	0	0	0	SA	125
64.9	54	36.3	26	80.6	41.7	59.2	41.1	0	0	1	0	0	0	0	0	0	SA	126
74.9	62.3	41.3	21.4	77.3	44.4	50.5	37.5	0	0	1	0	0	0	0	0	0	SA	127
61.9	50.6	33.2	37.1	63.5	43.1	57.3	39.3	0	0	1	0	0	0	0	0	0	SA	128
65.7	55.1	29.1	33	67.5	40.3	58.3	37.5	0	0	1	0	0	0	0	0	0	SA	129
57.2	51.3	23.8	48.3	48.8	36.1	50.5	37.5	0	0	1	0	0	0	0	0	0	SA	130
49.6	48.7	30.5	44.1	64.7	40.3	48.5	46.4	0	0	1	0	0	0	0	0	0	SA	131
65.4	57.4	32.3	31.2	64.9	38.9	45.6	37.5	0	0	1	0	0	0	0	0	0	SA	132
69.3	63.8	26.9	28.3	72.5	37.5	40.8	30.4	0	0	1	0	0	0	0	0	0	SA	133
60.3	50.6	32.3	36.8	64.2	38.9	53.4	53.6	0	0	1	0	0	0	0	0	0	SA	134
53.7	46	35.9	45.9	54.5	41.7	51.5	37.5	0	0	1	0	0	0	0	0	0	SA	135
78.3	80	23.8	30.4	52.8	43.1	64.1	57.1	0	0	1	0	0	0	0	0	0	SA	136
77.2	76.6	24.7	35	43	47.2	61.2	60.7	0	0	1	0	0	0	0	0	0	SA	137
74.2	60	34.1	27.3	66	37.5	65	51.8	0	0	1	0	0	0	0	0	0	SA	138
73.7	63.4	29.6	22.5	76.1	41.7	62.1	48.2	0	0	1	0	0	0	0	0	0	SA	139
69.1	52.5	23.3	32.7	62.8	44.4	69.9	53.6	0	0	1	0	0	0	0	0	0	SA	140
72.5	58.1	17.9	34.4	58.2	40.3	60.2	44.6	0	0	1	0	0	0	0	0	0	SA	141
74.8	69.8	25.1	32.2	54.6	38.9	58.3	51.8	0	0	1	0	0	0	0	0	0	SA	142
78.5	71.3	16.1	29.1	58.3	41.7	57.3	58.9	0	0	1	0	0	0	0	0	0	SA	143
71.9	66.8	24.7	33	55.4	47.2	66	60.7	0	0	1	0	0	0	0	0	0	SA	144
65.1	61.1	21.1	41.3	49.3	44.4	61.2	55.4	0	0	1	0	0	0	0	0	0	SA	145
65.7	51.7	37.7	40	49	45.8	70.9	48.2	0	0	1	0	0	0	0	0	0	SA	146
73.8	68.3	25.1	30.2	60.9	41.7	57.3	42.9	0	0	1	0	0	0	0	0	0	SA	147
75.6	75.5	20.2	29.3	61.9	36.1	51.5	37.5	0	0	1	0	0	0	0	0	0	SA	148
56.8	44.5	23.8	52.9	37.1	43.1	68	55.4	0	0	1	0	0	0	0	0	0	SA	149
65.6	54.3	38.6	34	61.9	40.3	63.1	41.1	0	0	1	0	0	0	0	0	0	SA	150
65	52.8	41.3	31.2	68.1	41.7	64.1	42.9	0	0	1	0	0	0	0	0	0	SA	151
70	50.6	23.3	41.8	44.9	37.5	71.8	50	0	0	1	0	0	0	0	0	0	SA	152
75	69.8	21.1	28.9	62.8	38.9	58.3	41.1	0	0	1	0	0	0	0	0	0	SA	153
64.4	52.1	30	29.8	75	43.1	62.1	39.3	0	0	1	0	0	0	0	0	0	SA	154
73.6	71.3	16.6	38.2	45.2	43.1	59.2	44.6	0	0	1	0	0	0	0	0	0	SA	155
61.6	46.4	26.9	41.2	55.6	44.4	65	41.1	0	0	1	0	0	0	0	0	0	SA	156
63.4	49.8	26	38.3	60.9	43.1	57.3	32.1	0	0	1	0	0	0	0	0	0	SA	157
71.7	58.1	24.7	27.3	72	44.4	53.4	44.6	0	0	1	0	0	0	0	0	0	SA	158
66.7	57.4	32.7	27.6	75.5	40.3	51.5	44.6	0	0	1	0	0	0	0	0	0	SA	159
72	61.9	27.8	29.5	65.9	43.1	52.4	44.6	0	0	1	0	0	0	0	0	0	SA	160
76.6	76.6	27.8	20.1	77.3	37.5	49.5	37.5	0	0	1	0	0	0	0	0	0	SA	161
67.4	60	23.8	35.2	60.5	40.3	53.4	42.9	0	0	1	0	0	0	0	0	0	SA	162
67.3	59.6	34.1	30.7	67.8	41.7	49.5	39.3	0	0	1	0	0	0	0	0	0	SA	163
70.5	59.6	25.6	25.7	74.6	43.1	59.2	55.4	0	0	1	0	0	0	0	0	0	SA	164
71.4	68.7	24.2	20.7	91.9	44.4	56.3	51.8	0	0	1	0	0	0	0	0	0	SA	165
52.5	46.4	24.7	33.7	80.3	48.6	60.2	58.9	0	0	1	0	0	0	0	0	0	SA	166
66.6	62.3	24.7	28.2	73.9	43.1	57.3	50	0	0	1	0	0	0	0	0	0	SA	167
80.7	69.1	32.7	18.1	77.8	37.5	53.4	39.3	0	0	1	0	0	0	0	0	0	SA	168
73.2	64.2	16.6	22.3	80.3	38.9	58.3	41.1	0	0	1	0	0	0	0	0	0	SA	169
67.3	55.5	12.1	22.4	90	43.1	60.2	44.6	0	0	1	0	0	0	0	0	0	SA	170
75.6	62.6	20.2	22.9	78.1	33.3	53.4	37.5	0	0	1	0	0	0	0	0	0	SA	171
67.4	55.1	20.6	34.6	63.3	43.1	55.3	51.8	0	0	1	0	0	0	0	0	0	SA	172
71.9	54.3	28.3	26.6	72.9	45.8	56.3	51.8	0	0	1	0	0	0	0	0	0	SA	173
80.4	55.5	65.5	20.1	65.7	59.7	88.3	50	0	0	1	0	0	0	0	0	0	SA	174
63.8	58.9	45.3	32.6	56.9	50	78.6	66.1	0	0	1	0	0	0	0	0	0	SA	175
76.4	54.7	83	17.8	66.4	58.3	89.3	60.7	0	0	1	0	0	0	0	0	0	SA	176
59.8	52.1	19.7	38.2	65.3	48.6	56.3	46.4	0	0	1	0	0	0	0	0	0	SA	177
58	52.8	21.1	39.8	68.5	40.3	38.8	28.6	0	0	1	0	0	0	0	0	0	SA	178
67.5	54	28.3	40.8	49.9	50	65	53.6	0	0	1	0	0	0	0	0	0	SA	179
66	59.2	10.3	31.5	74.8	36.1	70.9	30.4	0	0	1	0	0	0	0	0	0	SA	180
51.3	46.8	14.8	53.4	49.3	37.5	52.4	35.7	0	0	1	0	0	0	0	0	0	SA	181
99.7	81.5	1.8	6.5	84.6	59.7	58.3	37.5	0	0	1	0	0	0	0	0	0	SA	182
89.8	90.6	6.3	15.5	74.8	37.5	58.3	44.6	0	0	1	0	0	0	0	0	0	SA	183
82.9	59.2	18.4	20.9	69.4	69.4	82.5	57.1	0	0	1	0	0	0	0	0	0	SA	184
78.9	58.5	19.3	23.9	74.2	45.8	62.1	37.5	0	0	1	0	0	0	0	0	0	SA	185
70.1	58.1	8.5	33.7	63.8	47.2	68	25	0	0	1	0	0	0	0	0	0	SA	186
60.7	53.2	17.5	38	64.9	41.7	56.3	51.8	0	0	1	0	0	0	0	0	0	SA	187
72	60.4	0	33.4	68.6	34.7	46.6	32.1	0	0	1	0	0	0	0	0	0	SA	188
98.8	84.2	46.2	0	88.3	45.8	66	46.4	0	0	1	0	0	0	0	0	0	SA	189
100.6	77.7	1.8	5.5	84.8	56.9	77.7	37.5	0	0	1	0	0	0	0	0	0	SA	190
69.4	64.9	16.6	32	60.1	69.4	66	76.8	0	0	1	0	0	0	0	0	0	SA	191
80.6	72.1	43.5	18	74.1	43.1	75.7	44.6	0	0	1	0	0	0	0	0	0	SA	192
58.6	53.6	18.4	39.8	68.5	40.3	36.9	28.6	0	0	1	0	0	0	0	0	0	SA	193
86	71.3	25.1	20.5	71.9	25	48.5	32.1	0	0	1	0	0	0	0	0	0	SA	194
87.1	85.3	19.3	19.2	68.6	34.7	64.1	33.9	0	0	1	0	0	0	0	0	0	SA	195
89.9	100	20.2	14.6	71.5	36.1	54.4	44.6	0	0	1	0	0	0	0	0	0	SA	196
101.6	98.1	37.7	3.2	75	29.2	57.3	44.6	0	0	1	0	0	0	0	0	0	SA	197
95	92.5	11.2	12.7	72.7	38.9	55.3	55.4	0	0	1	0	0	0	0	0	0	SA	198
71.9	70.9	10.8	31.9	62.1	50	73.8	44.6	0	0	1	0	0	0	0	0	0	SA	199
96.3	83.4	9.9	9.4	74	68.1	97.1	62.5	0	0	1	0	0	0	0	0	0	SA	200
96.2	96.2	36.8	9.4	73.2	40.3	55.3	23.2	0	0	1	0	0	0	0	0	0	SA	201
91.4	89.4	28.3	12.8	73.5	51.4	49.5	48.2	0	0	1	0	0	0	0	0	0	SA	202
78.8	87.5	30	15.2	80.4	47.2	68.9	53.6	0	0	1	0	0	0	0	0	0	SA	203
74	78.1	18.8	17.9	84.7	47.2	68	64.3	0	0	1	0	0	0	0	0	0	SA	204
95.1	96.2	8.1	6.6	84.3	40.3	58.3	46.4	0	0	1	0	0	0	0	0	0	SA	205
75.8	56.2	14.8	28.9	69.1	65.3	54.4	26.8	0	0	1	0	0	0	0	0	0	SA	206
